           t           p         gam          mw
   1.4719E+03  6.8947E+00  1.2761E+00  1.4976E+01
   1.3138E+03  3.8382E+00  1.2445E+00  1.5020E+01
   1.0134E+03  4.7492E-01  1.1374E+00  1.5083E+01
   1.4838E+03  1.0342E+01  1.2690E+00  1.5029E+01
   1.3307E+03  5.7721E+00  1.2369E+00  1.5080E+01
   1.0313E+03  7.1400E-01  1.1384E+00  1.5137E+01
   1.4940E+03  1.3789E+01  1.2639E+00  1.5077E+01
   1.3442E+03  7.7083E+00  1.2321E+00  1.5131E+01
   1.0446E+03  9.5306E-01  1.1392E+00  1.5181E+01
   1.5030E+03  1.7237E+01  1.2600E+00  1.5120E+01
   1.3554E+03  9.6460E+00  1.2287E+00  1.5176E+01
   1.0551E+03  1.1921E+00  1.1398E+00  1.5220E+01
   1.5111E+03  2.0684E+01  1.2568E+00  1.5160E+01
   1.3651E+03  1.1585E+01  1.2262E+00  1.5216E+01
   1.0639E+03  1.4310E+00  1.1404E+00  1.5253E+01
   1.5185E+03  2.4132E+01  1.2542E+00  1.5197E+01
   1.3736E+03  1.3524E+01  1.2243E+00  1.5254E+01
   1.0714E+03  1.6699E+00  1.1409E+00  1.5284E+01
   1.5253E+03  2.7579E+01  1.2521E+00  1.5232E+01
   1.3813E+03  1.5464E+01  1.2227E+00  1.5288E+01
   1.0781E+03  1.9087E+00  1.1413E+00  1.5312E+01
   1.5315E+03  3.1026E+01  1.2502E+00  1.5265E+01
   1.3883E+03  1.7404E+01  1.2214E+00  1.5321E+01
   1.0840E+03  2.1474E+00  1.1416E+00  1.5338E+01
   1.5374E+03  3.4474E+01  1.2485E+00  1.5296E+01
   1.3948E+03  1.9345E+01  1.2203E+00  1.5351E+01
   1.0894E+03  2.3861E+00  1.1420E+00  1.5362E+01
   3.1828E+03  6.8947E+00  1.1473E+00  2.1382E+01
   2.9965E+03  3.9574E+00  1.1515E+00  2.1634E+01
   2.2426E+03  4.6963E-01  1.2048E+00  2.2199E+01
   3.2227E+03  1.0342E+01  1.1513E+00  2.1458E+01
   3.0263E+03  5.9265E+00  1.1560E+00  2.1698E+01
   2.2386E+03  6.9809E-01  1.2092E+00  2.2211E+01
   3.2503E+03  1.3789E+01  1.1541E+00  2.1511E+01
   3.0465E+03  7.8927E+00  1.1594E+00  2.1742E+01
   2.2355E+03  9.2506E-01  1.2120E+00  2.2219E+01
   3.2713E+03  1.7237E+01  1.1564E+00  2.1551E+01
   3.0616E+03  9.8567E+00  1.1620E+00  2.1775E+01
   2.2329E+03  1.1510E+00  1.2139E+00  2.2224E+01
   3.2881E+03  2.0684E+01  1.1583E+00  2.1583E+01
   3.0735E+03  1.1819E+01  1.1641E+00  2.1801E+01
   2.2308E+03  1.3762E+00  1.2153E+00  2.2227E+01
   3.3020E+03  2.4132E+01  1.1599E+00  2.1610E+01
   3.0833E+03  1.3780E+01  1.1660E+00  2.1823E+01
   2.2291E+03  1.6008E+00  1.2165E+00  2.2230E+01
   3.3139E+03  2.7579E+01  1.1613E+00  2.1632E+01
   3.0915E+03  1.5740E+01  1.1675E+00  2.1841E+01
   2.2275E+03  1.8249E+00  1.2174E+00  2.2232E+01
   3.3242E+03  3.1026E+01  1.1626E+00  2.1652E+01
   3.0986E+03  1.7698E+01  1.1689E+00  2.1857E+01
   2.2262E+03  2.0486E+00  1.2182E+00  2.2234E+01
   3.3333E+03  3.4474E+01  1.1637E+00  2.1670E+01
   3.1048E+03  1.9656E+01  1.1702E+00  2.1871E+01
   2.2250E+03  2.2719E+00  1.2188E+00  2.2236E+01
   3.3575E+03  6.8947E+00  1.1203E+00  2.4764E+01
   3.2207E+03  4.0088E+00  1.1160E+00  2.5156E+01
   2.7872E+03  5.2879E-01  1.1033E+00  2.6576E+01
   3.4158E+03  1.0342E+01  1.1222E+00  2.4898E+01
   3.2735E+03  6.0094E+00  1.1178E+00  2.5289E+01
   2.8236E+03  7.9094E-01  1.1049E+00  2.6707E+01
   3.4579E+03  1.3789E+01  1.1236E+00  2.4995E+01
   3.3115E+03  8.0090E+00  1.1191E+00  2.5386E+01
   2.8495E+03  1.0524E+00  1.1060E+00  2.6801E+01
   3.4909E+03  1.7237E+01  1.1246E+00  2.5071E+01
   3.3413E+03  1.0008E+01  1.1201E+00  2.5461E+01
   2.8696E+03  1.3135E+00  1.1069E+00  2.6874E+01
   3.5181E+03  2.0684E+01  1.1255E+00  2.5134E+01
   3.3658E+03  1.2006E+01  1.1209E+00  2.5524E+01
   2.8861E+03  1.5741E+00  1.1076E+00  2.6934E+01
   3.5412E+03  2.4132E+01  1.1262E+00  2.5188E+01
   3.3866E+03  1.4003E+01  1.1216E+00  2.5577E+01
   2.9001E+03  1.8345E+00  1.1083E+00  2.6985E+01
   3.5613E+03  2.7579E+01  1.1268E+00  2.5236E+01
   3.4047E+03  1.6000E+01  1.1222E+00  2.5624E+01
   2.9122E+03  2.0945E+00  1.1088E+00  2.7030E+01
   3.5792E+03  3.1026E+01  1.1273E+00  2.5278E+01
   3.4208E+03  1.7997E+01  1.1227E+00  2.5666E+01
   2.9229E+03  2.3543E+00  1.1093E+00  2.7069E+01
   3.5953E+03  3.4474E+01  1.1278E+00  2.5316E+01
   3.4352E+03  1.9994E+01  1.1232E+00  2.5703E+01
   2.9324E+03  2.6140E+00  1.1097E+00  2.7104E+01
   3.2949E+03  6.8947E+00  1.1180E+00  2.6856E+01
   3.1622E+03  4.0117E+00  1.1140E+00  2.7266E+01
   2.7380E+03  5.2998E-01  1.1025E+00  2.8749E+01
   3.3499E+03  1.0342E+01  1.1198E+00  2.6993E+01
   3.2119E+03  6.0138E+00  1.1158E+00  2.7403E+01
   2.7718E+03  7.9274E-01  1.1041E+00  2.8881E+01
   3.3895E+03  1.3789E+01  1.1211E+00  2.7092E+01
   3.2477E+03  8.0148E+00  1.1170E+00  2.7501E+01
   2.7959E+03  1.0549E+00  1.1053E+00  2.8975E+01
   3.4205E+03  1.7237E+01  1.1221E+00  2.7171E+01
   3.2757E+03  1.0015E+01  1.1180E+00  2.7579E+01
   2.8146E+03  1.3165E+00  1.1062E+00  2.9049E+01
   3.4461E+03  2.0684E+01  1.1229E+00  2.7235E+01
   3.2987E+03  1.2015E+01  1.1188E+00  2.7643E+01
   2.8299E+03  1.5777E+00  1.1069E+00  2.9110E+01
   3.4678E+03  2.4132E+01  1.1236E+00  2.7291E+01
   3.3182E+03  1.4014E+01  1.1194E+00  2.7697E+01
   2.8428E+03  1.8387E+00  1.1076E+00  2.9161E+01
   3.4868E+03  2.7579E+01  1.1242E+00  2.7339E+01
   3.3352E+03  1.6013E+01  1.1200E+00  2.7745E+01
   2.8540E+03  2.0993E+00  1.1081E+00  2.9205E+01
   3.5035E+03  3.1026E+01  1.1248E+00  2.7382E+01
   3.3503E+03  1.8011E+01  1.1205E+00  2.7787E+01
   2.8639E+03  2.3597E+00  1.1086E+00  2.9245E+01
   3.5186E+03  3.4474E+01  1.1252E+00  2.7421E+01
   3.3638E+03  2.0009E+01  1.1210E+00  2.7825E+01
   2.8727E+03  2.6199E+00  1.1090E+00  2.9280E+01
   3.2048E+03  6.8947E+00  1.1186E+00  2.8324E+01
   3.0715E+03  4.0097E+00  1.1153E+00  2.8730E+01
   2.6329E+03  5.2689E-01  1.1080E+00  3.0159E+01
   3.2543E+03  1.0342E+01  1.1205E+00  2.8453E+01
   3.1157E+03  6.0105E+00  1.1172E+00  2.8857E+01
   2.6597E+03  7.8767E-01  1.1102E+00  3.0271E+01
   3.2898E+03  1.3789E+01  1.1219E+00  2.8547E+01
   3.1472E+03  8.0102E+00  1.1185E+00  2.8948E+01
   2.6785E+03  1.0477E+00  1.1117E+00  3.0351E+01
   3.3175E+03  1.7237E+01  1.1229E+00  2.8620E+01
   3.1718E+03  1.0009E+01  1.1196E+00  2.9020E+01
   2.6928E+03  1.3070E+00  1.1130E+00  3.0412E+01
   3.3402E+03  2.0684E+01  1.1238E+00  2.8680E+01
   3.1919E+03  1.2007E+01  1.1204E+00  2.9078E+01
   2.7044E+03  1.5659E+00  1.1140E+00  3.0462E+01
   3.3595E+03  2.4132E+01  1.1245E+00  2.8732E+01
   3.2090E+03  1.4005E+01  1.1212E+00  2.9128E+01
   2.7142E+03  1.8244E+00  1.1149E+00  3.0503E+01
   3.3762E+03  2.7579E+01  1.1252E+00  2.8777E+01
   3.2238E+03  1.6002E+01  1.1218E+00  2.9171E+01
   2.7225E+03  2.0826E+00  1.1157E+00  3.0539E+01
   3.3910E+03  3.1026E+01  1.1257E+00  2.8816E+01
   3.2368E+03  1.7998E+01  1.1224E+00  2.9210E+01
   2.7298E+03  2.3404E+00  1.1164E+00  3.0571E+01
   3.4043E+03  3.4474E+01  1.1263E+00  2.8852E+01
   3.2485E+03  1.9994E+01  1.1229E+00  2.9244E+01
   2.7362E+03  2.5980E+00  1.1170E+00  3.0599E+01
   3.1075E+03  6.8947E+00  1.1211E+00  2.9393E+01
   2.9705E+03  4.0044E+00  1.1189E+00  2.9781E+01
   2.4988E+03  5.1998E-01  1.1203E+00  3.1072E+01
   3.1509E+03  1.0342E+01  1.1232E+00  2.9509E+01
   3.0084E+03  6.0019E+00  1.1210E+00  2.9892E+01
   2.5165E+03  7.7650E-01  1.1235E+00  3.1155E+01
   3.1818E+03  1.3789E+01  1.1247E+00  2.9593E+01
   3.0351E+03  7.9981E+00  1.1226E+00  2.9972E+01
   2.5284E+03  1.0319E+00  1.1258E+00  3.1212E+01
   3.2058E+03  1.7237E+01  1.1259E+00  2.9658E+01
   3.0558E+03  9.9932E+00  1.1239E+00  3.0033E+01
   2.5372E+03  1.2866E+00  1.1277E+00  3.1255E+01
   3.2254E+03  2.0684E+01  1.1269E+00  2.9711E+01
   3.0727E+03  1.1987E+01  1.1249E+00  3.0083E+01
   2.5442E+03  1.5406E+00  1.1292E+00  3.1289E+01
   3.2420E+03  2.4132E+01  1.1277E+00  2.9756E+01
   3.0869E+03  1.3981E+01  1.1257E+00  3.0126E+01
   2.5499E+03  1.7940E+00  1.1306E+00  3.1317E+01
   3.2563E+03  2.7579E+01  1.1285E+00  2.9796E+01
   3.0992E+03  1.5974E+01  1.1265E+00  3.0163E+01
   2.5547E+03  2.0470E+00  1.1317E+00  3.1342E+01
   3.2689E+03  3.1026E+01  1.1291E+00  2.9830E+01
   3.1099E+03  1.7966E+01  1.1272E+00  3.0195E+01
   2.5588E+03  2.2996E+00  1.1328E+00  3.1362E+01
   3.2802E+03  3.4474E+01  1.1297E+00  2.9861E+01
   3.1195E+03  1.9958E+01  1.1278E+00  3.0224E+01
   2.5624E+03  2.5518E+00  1.1337E+00  3.1381E+01
   3.0062E+03  6.8947E+00  1.1256E+00  3.0181E+01
   2.8626E+03  3.9953E+00  1.1251E+00  3.0538E+01
   2.3360E+03  5.0802E-01  1.1425E+00  3.1614E+01
   3.0434E+03  1.0342E+01  1.1280E+00  3.0281E+01
   2.8936E+03  5.9873E+00  1.1277E+00  3.0631E+01
   2.3436E+03  7.5747E-01  1.1469E+00  3.1663E+01
   3.0695E+03  1.3789E+01  1.1298E+00  3.0353E+01
   2.9153E+03  7.9776E+00  1.1296E+00  3.0696E+01
   2.3483E+03  1.0056E+00  1.1501E+00  3.1695E+01
   3.0897E+03  1.7237E+01  1.1311E+00  3.0408E+01
   2.9320E+03  9.9667E+00  1.1311E+00  3.0746E+01
   2.3515E+03  1.2527E+00  1.1526E+00  3.1718E+01
   3.1060E+03  2.0684E+01  1.1323E+00  3.0453E+01
   2.9454E+03  1.1955E+01  1.1323E+00  3.0787E+01
   2.3538E+03  1.4990E+00  1.1545E+00  3.1737E+01
   3.1198E+03  2.4132E+01  1.1332E+00  3.0491E+01
   2.9566E+03  1.3942E+01  1.1334E+00  3.0821E+01
   2.3556E+03  1.7447E+00  1.1562E+00  3.1751E+01
   3.1316E+03  2.7579E+01  1.1341E+00  3.0524E+01
   2.9662E+03  1.5928E+01  1.1343E+00  3.0850E+01
   2.3570E+03  1.9899E+00  1.1576E+00  3.1764E+01
   3.1420E+03  3.1026E+01  1.1348E+00  3.0552E+01
   2.9746E+03  1.7914E+01  1.1351E+00  3.0875E+01
   2.3582E+03  2.2345E+00  1.1589E+00  3.1774E+01
   3.1512E+03  3.4474E+01  1.1355E+00  3.0578E+01
   2.9821E+03  1.9899E+01  1.1359E+00  3.0898E+01
   2.3592E+03  2.4788E+00  1.1600E+00  3.1783E+01
   2.9013E+03  6.8947E+00  1.1323E+00  3.0761E+01
   2.7479E+03  3.9816E+00  1.1345E+00  3.1076E+01
   2.1487E+03  4.9078E-01  1.1733E+00  3.1880E+01
   2.9320E+03  1.0342E+01  1.1351E+00  3.0844E+01
   2.7720E+03  5.9656E+00  1.1376E+00  3.1149E+01
   2.1485E+03  7.3102E-01  1.1777E+00  3.1901E+01
   2.9533E+03  1.3789E+01  1.1372E+00  3.0902E+01
   2.7885E+03  7.9475E+00  1.1400E+00  3.1199E+01
   2.1480E+03  9.6992E-01  1.1806E+00  3.1915E+01
   2.9696E+03  1.7237E+01  1.1388E+00  3.0947E+01
   2.8010E+03  9.9280E+00  1.1418E+00  3.1237E+01
   2.1474E+03  1.2079E+00  1.1827E+00  3.1924E+01
   2.9828E+03  2.0684E+01  1.1401E+00  3.0983E+01
   2.8110E+03  1.1907E+01  1.1433E+00  3.1267E+01
   2.1468E+03  1.4451E+00  1.1844E+00  3.1931E+01
   2.9937E+03  2.4132E+01  1.1413E+00  3.1013E+01
   2.8192E+03  1.3885E+01  1.1445E+00  3.1292E+01
   2.1463E+03  1.6817E+00  1.1857E+00  3.1937E+01
   3.0031E+03  2.7579E+01  1.1423E+00  3.1039E+01
   2.8263E+03  1.5863E+01  1.1456E+00  3.1314E+01
   2.1458E+03  1.9178E+00  1.1868E+00  3.1941E+01
   3.0113E+03  3.1026E+01  1.1431E+00  3.1062E+01
   2.8324E+03  1.7840E+01  1.1466E+00  3.1333E+01
   2.1453E+03  2.1535E+00  1.1878E+00  3.1945E+01
   3.0185E+03  3.4474E+01  1.1439E+00  3.1082E+01
   2.8378E+03  1.9816E+01  1.1475E+00  3.1349E+01
   2.1448E+03  2.3889E+00  1.1887E+00  3.1949E+01